663 672 0.77905 0.540002 0.318557 -0.39167 0.815929 -0.42527 -0.489566 0.206538 0.847152 0.437531 0.125858 -0.890352
663 679 0.973702 0.0367674 0.224838 0.0783425 0.872671 -0.481983 -0.21393 0.486922 0.846841 0.59169 0.215645 -0.776789
663 689 0.981865 -0.063492 0.178633 0.0594083 0.997838 0.0281234 -0.180032 -0.0170012 0.983514 0.414024 0.205045 -0.886871
663 692 0.999555 0.0233151 -0.0185908 -0.0167005 0.954187 0.298744 0.0247043 -0.298301 0.954152 -0.572662 -0.0837098 -0.815506
663 695 0.956831 -0.0899408 0.276378 0.0970199 0.99521 -0.0120188 -0.273972 0.0383141 0.960974 0.44863 0.20802 -0.869172
663 711 0.138774 0.019431 -0.990133 -0.177501 0.984105 -0.00556518 0.974287 0.176522 0.140017 -0.320521 -0.0246659 -0.94692
663 735 0.641487 -0.0986713 0.760762 0.279159 0.953727 -0.111692 -0.714538 0.284023 0.639349 0.578497 0.183002 -0.794891
663 778 0.823783 -0.0282279 -0.566203 -0.0969401 0.977035 -0.189751 0.558556 0.211201 0.802128 -0.907231 -0.346978 0.237776
663 779 0.832622 -0.0641039 0.550119 0.111187 0.992404 -0.0526434 -0.542566 0.104998 0.833425 0.648748 0.147568 -0.746559
663 791 0.982227 0.0109135 -0.187378 -0.00158905 0.998756 0.0498409 0.187689 -0.0486573 0.981022 -0.669638 -0.427241 -0.607495
663 801 0.929283 -0.107808 0.353285 0.13931 0.988119 -0.0649106 -0.34209 0.109537 0.933261 0.967677 -0.0181235 0.251542
663 802 0.936662 0.0445384 -0.347391 -0.0650895 0.996738 -0.0477088 0.344133 0.0672985 0.936506 0.264336 0.228454 -0.936982
663 1150 0.976837 0.100557 0.188885 0.0231428 0.827882 -0.560424 -0.212729 0.551815 0.806379 0.695117 0.191292 -0.692979
424 431 0.882643 -0.0125306 -0.469877 0.0159663 0.999867 0.00332776 0.469773 -0.0104394 0.882726 -0.29642 0.00368377 -0.955051
424 437 0.525526 -0.382717 -0.759836 0.0395167 0.903124 -0.427558 0.849859 0.194667 0.489738 -0.252054 -0.220308 -0.942302
424 543 0.873196 0.0985152 0.477309 -0.211476 0.958945 0.188953 -0.439098 -0.265933 0.858181 0.701023 0.211684 0.680996
424 545 0.977394 0.0327561 0.208876 -0.0812346 0.970275 0.227962 -0.1952 -0.239776 0.951002 0.231272 0.455441 0.859702
424 553 0.927696 0.0526356 0.369608 -0.151224 0.958137 0.243116 -0.341338 -0.281431 0.89682 0.922189 0.238181 0.304694
424 565 0.983839 -0.00575977 0.178958 -0.0412479 0.965308 0.257833 -0.174235 -0.261048 0.949472 0.195329 0.593994 0.780396
424 569 0.993821 -0.0335184 0.105808 -0.000406709 0.952204 0.305463 -0.11099 -0.303619 0.946307 -0.0129493 0.622376 0.782612
424 574 0.988502 -0.047172 -0.143662 0.101095 0.912703 0.39592 0.112444 -0.405891 0.906978 -0.284948 0.521986 0.803949
424 575 0.980625 -0.0452674 -0.190595 0.129569 0.8796 0.457729 0.146927 -0.473555 0.868423 -0.322007 0.553532 0.768059
424 578 0.69811 0.235005 0.676325 -0.373052 0.92564 0.0634335 -0.611125 -0.296588 0.733867 0.18547 0.49892 0.846569
424 621 0.963158 0.0323089 0.26699 -0.104882 0.959276 0.262276 -0.247643 -0.280616 0.927323 0.309046 0.439955 0.843166
424 642 0.990622 -0.0533341 -0.125788 0.0956059 0.928301 0.359327 0.0976051 -0.367984 0.924695 -0.131134 0.47052 0.872591
424 644 0.661455 0.110921 -0.741737 0.0312672 0.984064 0.175042 0.749333 -0.138974 0.647446 -0.319736 -0.101175 -0.942089
424 655 -0.0829275 -0.981305 0.173675 0.860994 0.0172047 0.508324 -0.501809 0.191687 0.843472 0.22767 0.644839 0.729622
424 775 0.929979 -0.0213426 0.366993 -0.132349 0.911931 0.388413 -0.342962 -0.409787 0.845253 0.138909 0.663525 0.735146
424 782 0.999847 -0.0129771 -0.0117072 0.0159762 0.950231 0.311137 0.00708687 -0.311277 0.950293 -0.150265 0.654041 0.741384
424 783 0.973128 0.170815 0.154415 -0.154388 0.981546 -0.112836 -0.17084 0.0859646 0.981542 0.1067 -0.497937 -0.860624
424 815 0.246677 0.3502 0.90361 0.113345 0.915598 -0.385788 -0.962446 0.197585 0.186164 0.876221 -0.188595 -0.443474
424 818 0.997665 -0.0356205 0.0582698 0.00470089 0.887002 0.461741 -0.0681329 -0.460389 0.885098 0.148905 0.578229 0.802171
424 823 0.995902 -0.0398765 0.0811731 0.0196015 0.971384 0.236706 -0.0882892 -0.234145 0.968185 0.314385 0.44683 0.837559
424 825 0.98358 -0.0602164 -0.17013 0.124592 0.908565 0.39873 0.130564 -0.41338 0.901149 -0.205244 0.509055 0.835905
424 847 0.992061 -0.00399633 -0.125696 0.0102288 0.998748 0.0489771 0.125343 -0.049874 0.990859 -0.662236 0.334361 0.670557
424 848 0.999801 -0.01492 -0.0132368 0.0193955 0.882033 0.470787 0.00465115 -0.47095 0.882147 -0.0417879 0.558512 0.828443
424 851 0.987213 -0.0680027 -0.144177 0.117103 0.92303 0.366472 0.108159 -0.378669 0.91919 -0.154472 0.458525 0.875153
424 852 0.957749 -0.0127025 -0.287325 0.169932 0.830987 0.529702 0.232034 -0.556148 0.798035 -0.284288 0.648157 0.706451
424 853 0.930362 -0.0626006 -0.361258 0.211694 0.8962 0.389887 0.299352 -0.439212 0.847043 -0.362339 0.455928 0.812921
424 903 0.990993 0.0198417 0.132436 -0.0422547 0.984771 0.168645 -0.127072 -0.172722 0.976739 0.408328 0.245046 0.87933
424 904 -0.342148 0.0713425 -0.936934 0.132412 0.990824 0.0270921 0.93027 -0.114792 -0.348455 -0.764296 0.108231 -0.635718
424 1045 0.928503 0.03566 0.369608 -0.133826 0.960623 0.243505 -0.346371 -0.275559 0.896714 0.739278 0.218156 0.637083
424 1057 0.960309 -0.103453 -0.259046 0.0994789 0.994633 -0.0284396 0.260598 0.00154124 0.965447 -0.972807 -0.230322 -0.0244694
424 1063 0.972561 0.0556067 0.225905 -0.0574051 0.99835 0.00139411 -0.225455 -0.0143239 0.974148 0.446327 0.232741 0.864074
424 1066 0.999891 -0.00708226 -0.0129475 0.0119906 0.901328 0.432972 0.00860354 -0.43308 0.901314 -0.0975827 0.55641 0.825158
424 1084 0.974765 -0.0282027 0.221448 -0.0356498 0.959591 0.279132 -0.220371 -0.279983 0.93437 0.335618 0.533795 0.776159
424 1088 0.941053 0.335774 -0.0409221 -0.318273 0.919917 0.229033 0.114548 -0.202508 0.972558 0.612171 0.243072 0.752438
424 1117 0.969206 -0.0323683 0.244116 -0.071509 0.911612 0.404784 -0.235642 -0.409776 0.881225 0.275162 0.639453 0.717903
424 1118 -0.337636 0.506165 -0.793598 0.374631 0.845716 0.38002 0.863512 -0.168998 -0.47517 -0.202249 0.0420527 -0.978431
424 1141 0.995586 0.0938097 0.00299957 -0.0937016 0.995265 -0.0258411 -0.00540951 0.025446 0.999662 -0.474653 -0.00300868 -0.880168
424 1160 -0.772739 0.0586237 -0.632011 0.122124 0.990853 -0.0574074 0.622865 -0.121544 -0.77283 -0.31989 -0.131002 -0.938354
424 1323 0.985567 0.162831 -0.0462915 -0.142655 0.946105 0.290747 0.0911394 -0.279947 0.955679 0.410406 0.577097 0.706064
1000 1007 0.997449 -0.0609618 0.0371244 0.0551719 0.988492 0.140852 -0.0452837 -0.138444 0.989334 -0.6328 0.497116 0.593666
1000 1008 0.996518 -0.0501597 0.0665976 0.0367017 0.981138 0.189793 -0.0748614 -0.186688 0.979563 -0.48529 0.425255 0.763971
1000 1009 0.997335 -0.0637849 0.0354277 0.0601694 0.993644 0.0951374 -0.0412709 -0.0927522 0.994834 -0.630212 0.452385 0.631016
1000 1010 0.944503 -0.224886 -0.239458 0.264837 0.952552 0.150021 0.194358 -0.205113 0.959246 -0.955185 -0.176449 -0.23767
1000 1011 0.942162 -0.236514 -0.23747 0.24351 0.969898 0.000134926 0.230289 -0.0579536 0.971395 -0.951662 -0.218549 -0.215814
1000 1012 0.947431 -0.234948 -0.217197 0.242307 0.970171 0.00750515 0.208955 -0.0597391 0.976099 -0.952419 -0.220357 -0.210573
1000 1057 0.98314 0.173842 0.0567018 -0.182834 0.92989 0.31918 0.00276037 -0.324166 0.945996 0.220372 -0.244332 -0.944319
1000 1066 0.668135 0.00238925 0.744036 0.168814 0.973429 -0.154719 -0.724636 0.228976 0.649979 0.878475 -0.472513 0.0707979
1000 1069 0.746486 -0.243005 -0.619441 0.462809 0.858481 0.220949 0.478086 -0.451619 0.753309 -0.959914 0.195451 0.200908
1000 1070 0.993347 -0.061627 -0.09728 0.0782151 0.981069 0.177163 0.0845203 -0.183593 0.979362 -0.395336 0.373384 0.839222
1000 1071 0.993376 -0.0442667 0.106044 0.0452073 0.998957 -0.00648166 -0.105646 0.0112327 0.99434 0.144064 -0.0213995 0.989337
1000 1072 0.972564 0.00180449 -0.232628 0.116884 0.860799 0.495342 0.201139 -0.508942 0.836971 -0.448193 0.760499 0.469855
1000 1074 0.945558 -0.19305 -0.262013 0.241165 0.956219 0.165785 0.218537 -0.219948 0.950718 -0.99422 0.0970727 -0.0458693
1000 1075 0.992147 -0.0758579 0.0994475 0.0640801 0.991098 0.116702 -0.107415 -0.109413 0.988175 -0.774416 0.47112 0.422287
1000 1076 0.998203 -0.0383545 -0.0460455 0.0522892 0.93281 0.356554 0.0292763 -0.358321 0.933139 -0.430326 0.619795 0.656258
1000 1077 0.800433 -0.0879129 -0.592939 0.38588 0.83253 0.39748 0.458696 -0.546959 0.70031 -0.725981 0.461168 0.510172
1000 1084 -0.86554 -0.031532 0.499846 -0.0323149 0.999453 0.00709208 -0.499796 -0.010014 -0.866085 0.19665 -0.154331 -0.968251
1000 1087 0.919845 -0.18309 -0.346933 0.293273 0.908328 0.298214 0.260529 -0.376057 0.889217 -0.799629 0.402101 0.44599
1000 1117 0.920865 0.198194 -0.335749 0.330562 0.0597263 0.941893 0.20673 -0.978342 -0.0105153 -0.371862 0.816595 -0.441465
1000 1118 -0.126171 -0.897261 -0.423088 -0.79576 0.346202 -0.496901 0.592324 0.273982 -0.757685 -0.366493 -0.306527 -0.878478
1000 1121 0.992903 -0.0318666 -0.114581 0.0805567 0.888967 0.45083 0.0874923 -0.456861 0.885225 -0.282943 0.665516 0.690674
1000 1138 0.779788 -0.14708 -0.608521 0.40822 0.856402 0.31612 0.474644 -0.494917 0.727853 -0.948363 0.24481 0.201683
1000 1139 0.495785 0.649084 -0.576963 -0.60871 0.73358 0.302214 0.619411 0.20137 0.758802 -0.927998 0.252999 0.273516
1000 1140 0.893675 -0.298594 -0.334944 0.380781 0.899549 0.214051 0.237384 -0.318833 0.917603 -0.572738 0.136386 0.808313
1000 1143 0.992044 -0.0692447 -0.105134 0.0972413 0.951883 0.290627 0.0799508 -0.298538 0.951043 -0.326673 0.620135 0.713244
1000 1150 0.996475 0.00744674 -0.0835537 0.0232314 0.932594 0.360179 0.0806038 -0.36085 0.929134 -0.750665 0.48316 0.45062
1000 1151 0.986266 -0.014419 0.164536 -0.0520753 0.918224 0.392621 -0.156742 -0.395797 0.904863 -0.215299 0.372454 0.902732
1000 1160 0.998308 0.0442844 0.0376783 -0.0470689 0.995955 0.0765441 -0.0341362 -0.0781881 0.996354 0.191381 0.222806 0.955893
1000 1323 0.907585 0.0994484 0.407921 0.113428 0.877347 -0.466257 -0.404257 0.469438 0.784987 0.85155 -0.466692 0.238876
1000 1334 0.961611 -0.0725508 -0.264652 0.182938 0.888337 0.421179 0.204543 -0.453425 0.867507 -0.553501 0.585555 0.592252
1000 1335 0.997922 -0.0407116 -0.0499473 0.0564551 0.926066 0.373114 0.0310644 -0.375159 0.92644 -0.720347 0.49481 0.48607
1000 1339 0.89639 0.289473 -0.335695 -0.156179 0.915007 0.371983 0.414842 -0.281013 0.865412 -0.529173 0.310392 0.789704
1055 1059 0.82119 0.0939416 0.562869 -0.0903453 0.995319 -0.0343085 -0.563457 -0.0226787 0.825834 0.826144 -0.0908894 -0.556081
442 545 0.903168 0.175874 0.391607 -0.10456 0.974877 -0.196677 -0.416359 0.136686 0.898867 0.987634 -0.130147 0.0874092
442 553 0.807895 0.164137 0.566008 -0.0999536 0.98468 -0.142878 -0.580788 0.0588557 0.811924 0.26095 -0.121729 -0.957647
442 565 0.843202 0.121883 0.523599 -0.0597691 0.989176 -0.134008 -0.534265 0.0817013 0.84136 0.192801 -0.0394848 -0.980443
442 569 0.989064 -0.137134 0.0542782 0.143432 0.980056 -0.137539 -0.0343346 0.143821 0.989008 -0.471093 0.0432271 -0.881023
442 574 0.966355 0.0448282 0.253274 -0.0376889 0.998745 -0.0329729 -0.254434 0.0223179 0.966832 0.576982 0.129643 0.806402
442 575 0.970282 0.0247898 0.240703 -0.0254978 0.999675 -0.000172976 -0.240629 -0.00596958 0.970599 0.585399 0.126335 0.800842
442 577 0.998295 -0.0140516 0.0566488 0.0216493 0.990496 -0.135824 -0.0542018 0.136819 0.989112 0.578134 0.193651 0.792628
442 578 0.588939 0.33781 0.73419 -0.202755 0.941157 -0.270395 -0.782331 0.0103853 0.622777 0.111756 -0.0376806 -0.993021
442 621 0.989279 -0.0563086 -0.134743 0.0412569 0.992851 -0.112001 0.140087 0.105241 0.98453 -0.595801 -0.114319 -0.794955
442 642 0.973735 0.044731 0.223245 -0.0439767 0.998998 -0.00835161 -0.223395 -0.00168535 0.974726 0.546617 0.12449 0.828077
442 644 0.9973 -0.0173643 0.0713514 0.0344442 0.968739 -0.245681 -0.0648547 0.247476 0.966721 -0.63988 -0.0871901 -0.763512
442 655 0.0555286 -0.880156 0.471425 0.998456 0.0495652 -0.0250682 -0.00130235 0.472089 0.88155 0.949646 -0.0265993 -0.312195
442 775 0.777219 0.139547 0.613561 -0.0638167 0.987552 -0.143768 -0.625985 0.0725839 0.77645 0.250377 -0.137795 -0.958292
442 782 0.995577 0.0939115 0.00267064 -0.0929925 0.989085 -0.114295 -0.0133752 0.113542 0.993443 -0.599218 0.342856 -0.723456
442 815 0.49093 0.516686 0.701443 0.217672 0.706863 -0.673025 -0.843568 0.483093 0.234552 0.326999 -0.221993 -0.918581
442 818 0.932368 0.104563 0.346059 -0.110273 0.993896 -0.00320671 -0.344282 -0.0351711 0.938207 0.317861 -0.134365 -0.938568
442 823 0.946368 0.107872 0.304552 -0.0601665 0.984969 -0.161912 -0.31744 0.134905 0.938633 0.330648 -0.140586 -0.933224
442 825 0.96516 0.0212153 0.260801 -0.0247735 0.999639 0.0103633 -0.260488 -0.0164633 0.965337 0.686087 0.161562 0.709353
442 835 0.80219 -0.00620503 0.597037 -0.117756 0.978661 0.16839 -0.585342 -0.205386 0.784341 0.640175 0.19185 0.743888
442 836 0.983995 0.0170498 0.17738 -0.0258912 0.998528 0.0476497 -0.176306 -0.0514796 0.982988 0.782457 0.209572 0.586379
442 847 0.938431 0.221541 0.265078 -0.0816539 0.887806 -0.452917 -0.335677 0.403387 0.851234 -0.00263089 -0.184514 -0.982826
442 848 0.922819 0.0659536 0.379547 -0.0828514 0.996159 0.0283409 -0.376219 -0.0575995 0.924738 0.523286 0.129289 0.842292
442 850 0.992136 -0.0025761 -0.125132 0.00450356 0.999876 0.0151228 0.125078 -0.0155675 0.992025 -0.0241426 -0.139401 -0.989942
442 851 0.967279 0.0142855 0.253313 -0.0218232 0.999398 0.0269718 -0.252775 -0.0316173 0.967008 0.577693 0.155677 0.801271
442 852 0.983571 0.0445341 0.174942 -0.0463706 0.998904 0.00642231 -0.174464 -0.014429 0.984558 0.510521 0.12254 0.851089
442 853 0.999963 0.00638941 -0.00583517 -0.00619318 0.999434 0.0330505 0.00604304 -0.0330131 0.999437 0.0692653 0.120213 0.990329
442 862 0.995833 0.0462798 0.0785778 -0.0200187 0.95158 -0.306748 -0.0889694 0.303897 0.948542 -0.18468 -0.0183898 -0.982627
442 903 0.981433 -0.100659 -0.163269 0.0799259 0.988426 -0.128938 0.174358 0.113494 0.97812 -0.531821 -0.10922 -0.839784
442 904 0.972518 -0.152348 -0.176063 0.0806128 0.929756 -0.359242 0.218425 0.335176 0.916486 -0.687407 -0.234739 -0.687291
442 1045 0.897011 0.15705 0.413168 -0.176519 0.984255 0.00910678 -0.405232 -0.0811009 0.91061 0.10062 -0.0178681 -0.994765
442 1063 0.875914 0.241498 0.417676 -0.104444 0.940092 -0.324527 -0.471027 0.240634 0.848663 0.170572 -0.125484 -0.977322
442 1066 0.970038 0.0922402 0.224763 -0.0878142 0.995696 -0.0296318 -0.226529 0.0090066 0.973963 0.575096 -0.142414 -0.805595
442 1084 0.901666 0.13616 0.410439 -0.0707533 0.982797 -0.170602 -0.426607 0.124786 0.895788 0.220018 -0.129423 -0.966872
442 1088 0.868962 0.427137 0.249918 -0.403987 0.903944 -0.140282 -0.285832 0.020936 0.958051 0.203115 -0.140417 -0.969034
442 1117 0.937745 0.138302 0.318601 -0.104329 0.987103 -0.121424 -0.331285 0.0806254 0.94008 0.999493 -0.0295144 -0.0119731
442 1118 0.754952 0.213909 0.619912 -0.0959271 0.971158 -0.218288 -0.648726 0.10533 0.753697 0.951084 -0.000760064 -0.30893
442 1141 0.999339 0.0189131 -0.031057 -0.027668 0.949699 -0.311939 0.0235951 0.312592 0.949594 -0.0401121 -0.163833 -0.985672
442 1160 0.995262 0.00970433 0.0967488 0.0169654 0.962414 -0.271058 -0.0957428 0.271415 0.957689 0.421163 -0.162131 -0.892376
442 1288 0.979192 -0.00514774 -0.202872 0.0154975 0.998656 0.0494607 0.202345 -0.0515755 0.977955 -0.0703508 0.129074 -0.989136
442 1289 0.999907 -0.0110301 -0.0079748 0.00963115 0.98738 -0.158077 0.00961777 0.157986 0.987395 -0.0333536 -0.136143 -0.990128
442 1291 0.983824 0.0570239 0.169821 -0.0232525 0.980613 -0.19457 -0.177623 0.187474 0.966076 -0.0356549 -0.129149 -0.990984
442 1323 0.82272 0.302557 0.481239 -0.200091 0.946543 -0.253022 -0.532067 0.111875 0.839279 0.184244 -0.101646 -0.97761
818 825 0.969715 -0.080536 -0.230578 0.0769869 0.996734 -0.0243633 0.231787 0.00587401 0.972749 -0.400702 0.10172 0.910544
818 835 0.949521 0.0758911 0.304385 0.124297 0.799864 -0.58717 -0.288027 0.595364 0.750054 0.177179 -0.767215 0.616433
818 836 0.925513 -0.0751055 -0.371195 0.0725729 0.997146 -0.0208086 0.371698 -0.00768005 0.928322 -0.518764 0.0777243 0.851377
818 847 0.993101 -0.0553987 -0.103352 0.0166068 0.938929 -0.343709 0.116082 0.339621 0.933371 -0.519227 -0.0183735 -0.854439
818 848 0.995924 -0.0224703 -0.0873538 0.0238449 0.999607 0.0147239 0.0869886 -0.0167468 0.996069 -0.148685 0.115064 0.982167
818 850 0.920047 0.114426 0.374728 -0.106216 0.993432 -0.0425669 -0.377137 -0.000638621 0.926157 0.247033 -0.0452154 0.967952
818 851 0.966437 -0.08209 -0.243435 0.0833709 0.996506 -0.00505402 0.242999 -0.015411 0.969904 -0.36851 0.109924 0.923102
818 852 0.962587 -0.0632985 -0.263476 0.0606399 0.997993 -0.0182193 0.2641 0.00156053 0.964494 -0.362899 0.103345 0.92608
818 853 0.920469 -0.0923529 -0.379748 0.0921048 0.995571 -0.0188659 0.379808 -0.0176111 0.924898 -0.594858 0.0592324 0.801646
818 862 0.954179 -0.17118 -0.245436 0.0571597 0.909377 -0.412027 0.293725 0.379119 0.877493 -0.861532 -0.0821989 -0.501005
818 903 0.874145 -0.269277 -0.404178 0.197483 0.957388 -0.210733 0.443701 0.104393 0.890074 -0.979079 -0.123537 0.161689
818 904 0.897063 -0.350093 -0.269653 0.262037 0.912774 -0.313338 0.35583 0.210425 0.910553 -0.986847 -0.0797497 0.140619
818 905 0.998147 -0.0608234 -0.00196251 0.060578 0.990012 0.127307 -0.00580034 -0.12719 0.991861 0.207549 -0.16898 0.963519
818 987 0.9506 0.0771048 -0.300689 0.0782132 0.877916 0.472384 0.300403 -0.472566 0.828516 -0.246428 0.24592 0.937441
818 988 0.970751 -0.100835 -0.217888 0.0852064 0.993147 -0.079993 0.224461 0.0590879 0.97269 -0.764639 0.462707 0.448585
818 1045 0.975099 0.0107672 0.221508 0.0195904 0.990734 -0.134396 -0.220903 0.135389 0.965853 0.204702 -0.121951 -0.971198
818 1057 0.900285 0.212395 0.379967 -0.0762457 0.936332 -0.342739 -0.428571 0.279592 0.859159 0.373541 -0.09023 -0.923215
818 1063 0.992886 -0.00154628 0.119056 0.04068 0.94415 -0.326996 -0.111901 0.329513 0.937497 -0.0186548 -0.170227 -0.985228
818 1066 0.994616 -0.021649 -0.101339 0.0180066 0.999163 -0.0367208 0.102049 0.0346983 0.994174 -0.471218 0.0857992 0.877834
818 1084 0.996128 -0.0264811 0.0838268 0.0391538 0.987396 -0.15335 -0.0787093 0.156038 0.98461 -0.0898681 -0.105077 -0.990395
818 1088 0.945974 0.283063 -0.158137 -0.306185 0.940331 -0.148416 0.10669 0.188817 0.9762 0.074888 -0.146023 -0.986443
818 1117 0.992827 0.00260603 0.119533 0.0111151 0.993421 -0.113979 -0.119043 0.11449 0.986266 0.168749 0.138923 0.97582
818 1118 0.973485 0.0499143 0.223237 -0.00882934 0.983375 -0.181373 -0.228579 0.174593 0.957742 0.170096 0.205576 0.963746
818 1121 0.99513 0.0299034 -0.093927 -0.00125055 0.956628 0.291311 0.0985643 -0.289775 0.952006 -0.0137576 -0.0410005 -0.999064
818 1141 0.898755 -0.19891 -0.390737 0.0777198 0.949335 -0.304504 0.431509 0.243306 0.868678 -0.662357 -0.135905 -0.736758
818 1160 0.962383 -0.189517 -0.194685 0.124526 0.944533 -0.303893 0.24148 0.268218 0.932602 -0.565117 0.0379409 0.824138
818 1289 0.949522 -0.184684 -0.253576 0.140562 0.973125 -0.182403 0.280448 0.137552 0.949962 -0.972364 0.02211 0.232422
818 1291 0.992763 -0.117335 -0.0255608 0.109647 0.972485 -0.205551 0.0489759 0.20126 0.978313 -0.995484 0.0947995 -0.00501603
818 1323 0.977755 0.155166 -0.14113 -0.181864 0.96238 -0.201869 0.104498 0.223045 0.969191 -0.0753995 -0.307745 -0.948477
1117 1138 0.987847 -0.141091 0.0651979 0.138832 0.989587 0.0379891 -0.0698789 -0.0284758 0.997149 0.102404 0.0224157 -0.99449
1117 1141 0.834142 -0.200712 -0.513733 0.114096 0.974082 -0.19531 0.539619 0.104302 0.835424 -0.190871 -0.207753 -0.959378
1117 1143 0.999508 -0.0274731 -0.0151363 0.0245826 0.985817 -0.166016 0.0194826 0.165563 0.986007 -0.658881 -0.431463 -0.61621
1117 1150 0.99881 0.0361089 0.0327945 -0.0335703 0.996625 -0.074911 -0.0353887 0.0737209 0.996651 0.00425145 -0.195519 -0.980691
1117 1160 0.90052 -0.205744 -0.383058 0.148289 0.973471 -0.174253 0.408747 0.100115 0.90714 -0.908687 -0.140288 -0.393201
1117 1289 0.915862 -0.170483 -0.363501 0.17135 0.98475 -0.0301228 0.363093 -0.0346977 0.931107 -0.374959 -0.153853 -0.914185
1117 1291 0.955746 -0.12407 -0.26675 0.110156 0.991683 -0.0665689 0.272791 0.0342389 0.961464 -0.425959 -0.156639 -0.89108
1117 1323 0.944912 0.145465 -0.293224 -0.196722 0.968362 -0.153541 0.261612 0.202767 0.943634 -0.0263798 -0.295341 -0.955028
1117 1335 0.990133 -0.00105081 0.140129 -0.00821858 0.997815 0.0655538 -0.139892 -0.0660586 0.987961 0.0499274 -0.000683581 -0.998753
1117 1339 0.793644 0.345536 -0.500734 -0.132867 0.901632 0.411591 0.593697 -0.260126 0.761484 -0.109033 0.211257 -0.97133
721 722 0.997994 0.0121164 0.0621273 -0.00684326 0.996409 -0.0843979 -0.0629267 0.0838035 0.994494 0.0137962 -0.15015 -0.988567
721 723 0.986218 -0.0064038 0.165326 0.0274995 0.991696 -0.12563 -0.16315 0.128445 0.978205 0.217491 -0.167511 0.961581
721 724 0.999857 -0.00421501 -0.0163756 0.00426843 0.999986 0.00322908 0.0163617 -0.00329852 0.999861 -0.0442786 0.0369798 0.998335
721 725 0.962901 0.027215 -0.268479 -0.0122567 0.998286 0.0572347 0.269577 -0.0518206 0.961584 -0.729277 0.146431 0.668366
721 726 0.985153 -0.00545393 0.171593 0.0283883 0.990911 -0.131488 -0.169316 0.134407 0.976354 0.215467 -0.167235 0.962084
721 727 0.983752 -0.00877564 0.17932 0.0271625 0.994582 -0.10034 -0.177468 0.103581 0.97866 0.282643 -0.162655 0.945334
721 731 0.98606 -0.0428436 0.16078 0.0659361 0.987788 -0.141165 -0.152768 0.149799 0.976843 -0.138312 0.092894 -0.986023
721 732 0.950579 0.169013 -0.26045 -0.0409803 0.899814 0.434346 0.307766 -0.402207 0.86227 -0.745608 0.239919 -0.621697
721 733 0.998183 0.0450151 0.0400546 -0.046665 0.998058 0.0412564 -0.0381197 -0.0430506 0.998345 0.0810671 0.0518848 0.995357
721 734 0.750536 0.197656 -0.630577 0.244738 0.80323 0.543071 0.613839 -0.56192 0.554479 -0.478022 0.419244 -0.771836
721 751 0.958172 -0.107626 -0.265184 0.0736959 0.988134 -0.134758 0.276541 0.109578 0.954734 -0.48664 -0.126713 -0.864364
721 756 0.935876 -0.100318 -0.337747 0.0681155 0.99204 -0.105913 0.345683 0.076116 0.935259 -0.518198 -0.142565 -0.843295
721 761 0.996205 0.0833051 0.0251969 -0.0860646 0.985993 0.142869 -0.0129422 -0.144495 0.989421 -0.757962 0.0773525 0.647696
721 772 0.893099 0.311419 0.324642 -0.0837387 0.824122 -0.560187 -0.441998 0.473118 0.762101 -0.0179829 -0.109428 -0.993832
721 782 0.983456 0.147217 0.105549 -0.137699 0.986151 -0.092442 -0.117696 0.0763788 0.990108 -0.109577 0.0602784 -0.992149
721 784 0.986489 -0.033144 -0.16044 0.0300971 0.999318 -0.0213844 0.161039 0.0162667 0.986814 -0.451632 -0.151921 -0.879175
721 800 0.901085 -0.0988109 -0.422235 -0.0138543 0.966637 -0.255777 0.433422 0.236327 0.869652 -0.592759 -0.241015 -0.768471
721 803 0.899695 0.327035 0.289131 -0.254662 0.93119 -0.26083 -0.354537 0.161036 0.92107 -0.040687 -0.149957 -0.987855
721 809 0.725722 0.10217 0.68036 -0.0973385 0.994212 -0.0454731 -0.681068 -0.0332243 0.731466 0.290519 -0.26166 -0.920398
721 811 0.932399 0.0910788 0.349766 -0.100241 0.99493 0.00813949 -0.347251 -0.0426499 0.936802 0.302505 -0.144866 -0.942074
721 815 0.992112 -0.0199867 0.123749 0.0469039 0.974684 -0.218614 -0.116247 0.222694 0.967933 -0.107501 0.00873223 -0.994167
721 819 0.981056 0.0336131 -0.190788 -0.0165932 0.995793 0.0901143 0.193014 -0.0852413 0.977486 -0.0997322 -0.0422318 -0.994118
721 820 0.947857 -0.117461 -0.296261 0.00576774 0.935772 -0.352559 0.318645 0.332467 0.887655 -0.517653 -0.188256 -0.834623
721 821 0.980508 0.0340324 0.193509 -0.0445743 0.997735 0.0503861 -0.191356 -0.0580295 0.979804 0.512593 0.15433 0.844648
721 822 0.989225 -0.0565239 -0.135054 0.0277654 0.978155 -0.206014 0.143748 0.200044 0.969185 -0.465346 -0.144047 -0.873329
721 837 0.996438 -0.0113121 -0.0835695 0.00823474 0.999278 -0.0370778 0.0839286 0.0362576 0.995812 0.0374321 -0.177807 -0.983353
721 844 0.768247 0.514339 0.38112 -0.453379 0.857471 -0.243291 -0.451933 0.0141155 0.89194 0.144547 -0.150347 -0.978009
721 847 0.993925 0.0748028 0.0807302 -0.0720125 0.996719 -0.036942 -0.0832288 0.030904 0.996051 -0.131601 0.0405004 -0.990475
721 848 0.982612 0.152276 0.106237 -0.146928 0.987531 -0.0565225 -0.11352 0.0399304 0.992733 0.108417 -0.0606838 0.992252
721 851 0.996284 0.0691102 0.0514064 -0.0692074 0.997602 0.000111632 -0.0512754 -0.00366892 0.998678 0.109309 -0.0629694 0.992011
721 852 0.996341 0.0836281 0.0176265 -0.0836716 0.996492 0.00174537 -0.0174187 -0.00321381 0.999843 0.108034 -0.0529786 0.992735
721 856 0.920649 -0.166898 -0.352917 0.132612 0.983953 -0.11938 0.367178 0.0631056 0.928007 -0.435842 -0.117702 -0.892294
721 862 0.988306 0.0635177 -0.138625 0.094918 0.455239 0.885295 0.119339 -0.888101 0.443887 -0.177482 0.529444 -0.829572
721 874 0.964595 -0.0423361 -0.260316 -0.0547582 0.933374 -0.354703 0.257989 0.3564 0.89801 -0.534399 -0.212043 -0.818203
721 883 0.981134 -0.00961277 0.193089 -0.00646099 0.996575 0.0824434 -0.193221 -0.0821356 0.977711 0.961826 0.271009 0.0380245
721 893 0.627706 0.462775 0.625959 -0.0577663 0.829583 -0.555388 -0.776304 0.312461 0.547467 0.198724 -0.206398 -0.958075
721 895 0.873804 0.418572 0.247516 0.295152 -0.0519988 -0.954034 -0.386462 0.906693 -0.168979 -0.0222781 -0.25195 -0.967484
721 904 0.987451 -0.03608 0.153751 0.0546849 0.991441 -0.118552 -0.148157 0.125472 0.980972 -0.101561 -0.001807 -0.994828
721 905 0.835637 0.227144 0.500117 -0.0937159 0.956099 -0.277654 -0.541229 0.185149 0.820239 0.145182 -0.150573 -0.97788
721 911 0.990466 0.033477 0.133629 -0.0399448 0.998142 0.0460156 -0.13184 -0.0509148 0.989962 0.10467 -0.137292 -0.984985
721 912 0.998789 -0.0361578 0.0333705 0.0391732 0.994741 -0.0946399 -0.029773 0.0958325 0.994952 -0.0788429 -0.136165 -0.987544
721 913 0.89323 0.0754612 0.443221 -0.0597841 0.996995 -0.0492609 -0.445607 0.0175037 0.895058 0.52713 -0.0276265 -0.849336
721 958 0.986556 0.0352178 0.159584 -0.0278613 0.998454 -0.0481035 -0.161032 0.0430105 0.986012 -0.0844572 -0.165702 -0.982553
721 976 0.982719 0.0275411 0.183044 -0.0400402 0.997085 0.0649434 -0.180722 -0.0711503 0.980957 0.580598 0.163674 0.79757
721 1000 0.840467 0.391067 0.375076 -0.168944 0.846813 -0.504348 -0.514853 0.360521 0.777786 0.171055 -0.162031 -0.971847
721 1007 0.648618 0.414496 0.638348 0.106087 0.78128 -0.615099 -0.753684 0.466685 0.46278 0.237946 -0.252285 -0.937941
721 1008 0.84909 0.23806 0.471565 -0.0809862 0.940807 -0.329126 -0.522003 0.241267 0.818109 0.166213 -0.161851 -0.972716
721 1009 0.816543 0.313809 0.484543 -0.0508826 0.875205 -0.481069 -0.575038 0.368159 0.730609 0.196036 -0.192188 -0.961579
721 1010 0.951449 0.14266 0.27275 -0.00248535 0.889643 -0.45665 -0.307796 0.433802 0.846804 -0.0217249 -0.177912 -0.983807
721 1011 0.965574 0.159289 0.205656 -0.0687968 0.918814 -0.38865 -0.250867 0.361122 0.898141 -0.0334559 -0.126678 -0.99138
721 1012 0.948132 0.197358 0.249188 -0.0106148 0.803136 -0.595701 -0.317698 0.562158 0.763574 -0.00796403 -0.233572 -0.972307
721 1021 0.873878 0.112563 0.472934 -0.0554487 0.989555 -0.133068 -0.482972 0.0900615 0.870992 0.760552 -0.5501 0.344891
721 1045 0.996171 0.00149038 -0.0874176 -0.0174729 0.983078 -0.182352 0.0856666 0.183181 0.97934 0.0374623 -0.191204 0.980835
721 1057 0.907388 -0.415748 0.0616446 0.420272 0.896044 -0.1431 0.00425721 0.155755 0.987787 0.187589 -0.128473 0.97381
721 1063 0.994241 -0.0165401 0.10588 0.0236888 0.997497 -0.0666206 -0.104513 0.0687451 0.992145 -0.109548 0.00512041 -0.993968
721 1069 0.999489 -0.0313262 0.00640501 0.031894 0.99096 -0.130313 -0.00226489 0.130451 0.991452 -0.354714 -0.0910778 -0.930528
721 1074 0.951478 0.180454 0.249251 -0.0377024 0.872263 -0.487582 -0.305398 0.454526 0.836743 0.00261995 -0.221006 -0.975269
721 1075 0.869421 0.228408 0.438106 -0.0614723 0.929843 -0.362786 -0.490233 0.288482 0.822466 0.143904 -0.144421 -0.978996
721 1076 0.879889 0.178912 0.440212 -0.109637 0.977853 -0.178281 -0.462359 0.108604 0.880017 0.242003 -0.141223 -0.959943
721 1084 0.980579 -0.137383 -0.139967 0.12268 0.986466 -0.108783 0.153018 0.0894987 0.984162 -0.0890456 -0.134273 0.986935
721 1087 0.982075 0.0528302 0.180937 -0.0203142 0.983993 -0.177048 -0.187394 0.170198 0.967427 0.00994196 -0.131953 -0.991206
721 1088 0.891854 -0.450241 0.0433608 0.452119 0.89023 -0.0554905 -0.013617 0.0690937 0.997517 -0.013111 0.0294702 0.99948
721 1121 0.966311 0.140787 0.215457 -0.123669 0.988139 -0.0910326 -0.225718 0.0613204 0.972261 0.500391 -0.0279756 -0.865348
721 1138 0.999861 0.0165799 -0.00150951 -0.0166473 0.996741 -0.0789276 0.000195984 0.0789418 0.996879 -0.428195 -0.113244 -0.896563
721 1139 0.410311 0.910774 0.0462137 -0.907712 0.412759 -0.075423 -0.0877684 -0.0110018 0.99608 -0.363624 -0.0734742 -0.928644
721 1140 0.982798 -0.0266724 -0.182747 0.0285756 0.999561 0.00778926 0.182459 -0.0128774 0.983129 -0.400309 -0.0941853 -0.911527
721 1143 0.968007 0.151435 0.200073 -0.108823 0.971828 -0.209063 -0.226097 0.180602 0.957216 0.3967 -0.0580625 -0.91611
721 1150 0.898154 0.217186 0.382294 -0.175033 0.974231 -0.142256 -0.403339 0.0608537 0.913025 0.127677 -0.129634 -0.983308
721 1160 0.999563 -0.0210662 0.0207191 0.0241428 0.986552 -0.161656 -0.0170349 0.162086 0.986629 -0.0107599 0.0285297 -0.999535
721 1334 0.967837 0.10247 0.229766 -0.0841212 0.992535 -0.0883052 -0.237099 0.0661368 0.969232 0.290593 -0.0218274 -0.956598
721 1335 0.868618 0.172809 0.46437 -0.0948855 0.977878 -0.186417 -0.486312 0.117863 0.8658 0.166507 -0.16126 -0.972765
721 1339 0.720045 0.520372 0.459074 -0.37359 0.848197 -0.375488 -0.584779 0.0988627 0.805146 0.22946 -0.248377 -0.941094
80 83 0.95578 0.0545937 0.288971 -0.171821 0.901126 0.398058 -0.238668 -0.430107 0.870658 0.947323 0.237819 0.214525
80 85 0.343929 0.284273 -0.894931 -0.178301 0.955504 0.234991 0.921912 0.0787469 0.379311 -0.798934 -0.00640641 -0.601385
80 90 0.949225 -0.126516 -0.288038 0.215591 0.928382 0.3027 0.229113 -0.349429 0.908519 -0.590259 0.429138 0.683692
80 100 0.344902 0.721988 0.599813 0.693051 0.235082 -0.681481 -0.633027 0.650745 -0.419294 0.441666 -0.504781 -0.741705
80 101 0.772957 -0.567452 -0.283787 0.631353 0.732142 0.25566 0.0626974 -0.376784 0.924177 -0.915476 -0.266312 -0.301631
80 103 0.973441 -0.0303555 -0.226916 0.133222 0.881178 0.453626 0.186183 -0.471809 0.861819 -0.264507 0.560384 0.784861
80 109 0.984071 0.167645 -0.0591621 -0.152161 0.966358 0.207363 0.0919352 -0.195058 0.976473 -0.197158 0.0786908 0.977209
80 115 0.84274 -0.195863 0.501425 -0.311827 0.581661 0.751288 -0.438809 -0.789499 0.429114 0.531047 0.813154 -0.238263
80 116 0.994603 0.0970906 0.0365855 -0.101407 0.984245 0.144842 -0.0219463 -0.14777 0.988778 0.115332 0.102579 0.988016
80 117 0.997406 0.0680029 -0.0236028 -0.0667884 0.996568 0.0489075 0.0268476 -0.0472043 0.998524 -0.182259 0.0773942 0.9802
80 118 0.998535 -0.0538726 -0.00513158 0.0540242 0.997875 0.0364165 0.00315882 -0.0366404 0.999324 -0.0224924 0.191138 0.981305
80 120 0.996924 -0.0410068 -0.0667884 0.0537535 0.977923 0.201932 0.0570334 -0.204901 0.97712 -0.0537864 0.147873 0.987543
80 121 0.955227 0.100289 0.27836 -0.153125 0.972577 0.175061 -0.253169 -0.209847 0.944388 0.949771 0.191102 0.247819
80 122 0.937622 0.0934638 0.334858 -0.186514 0.948071 0.257629 -0.29339 -0.304015 0.906365 0.962469 0.19547 0.18827
80 129 0.995163 0.080545 -0.0562468 -0.0687831 0.980052 0.186461 0.0701432 -0.18169 0.980851 -0.176275 0.0686225 0.981946
80 138 0.99084 0.0277693 -0.132158 -0.00146907 0.980788 0.19507 0.135036 -0.193089 0.971845 0.0505961 0.0692295 0.996317
80 141 0.983224 0.0336789 -0.179264 -0.00744927 0.9894 0.145025 0.182248 -0.141256 0.973053 -0.142853 0.0760131 0.986821
80 143 0.986563 0.055116 0.153801 -0.0804752 0.983193 0.163875 -0.142184 -0.17405 0.974418 0.556901 0.48756 0.672418
80 144 0.979219 -0.0200318 0.201816 -0.0717123 0.896623 0.436949 -0.189705 -0.442341 0.876554 0.812419 0.412077 0.412514
80 146 0.988353 0.0475953 0.144543 -0.0923763 0.942455 0.321318 -0.120932 -0.330928 0.935875 0.240141 0.521538 0.818737
80 148 0.996264 -0.0595259 0.0625729 0.0658447 0.992362 -0.104316 -0.0558854 0.108047 0.992574 0.0360711 -0.275923 0.960503
80 149 0.995692 -0.00609034 0.0925189 0.0267557 0.974265 -0.223812 -0.0887747 0.225323 0.970231 0.0431373 -0.339875 0.939481
80 150 0.9779 0.141066 0.154311 -0.118747 0.982222 -0.145395 -0.172078 0.123858 0.977266 -0.2132 0.0839272 -0.973397
80 151 0.997042 -0.0331795 -0.0693257 0.0595245 0.903966 0.423441 0.0486185 -0.426315 0.903267 0.024334 0.551652 0.833719
80 153 -0.0533317 0.958171 0.281185 -0.925596 -0.153104 0.346166 0.374736 -0.241801 0.895044 0.577159 0.505193 0.641613
80 158 0.902593 0.0920118 0.420546 -0.253438 0.903234 0.346319 -0.347986 -0.419168 0.838573 0.516041 0.496474 0.698008
80 163 0.932726 0.0134322 0.360334 -0.1535 0.919028 0.363077 -0.326281 -0.393963 0.859264 0.852893 0.463957 0.23941
80 165 0.698332 0.679547 -0.224829 -0.561774 0.714993 0.416167 0.443557 -0.164319 0.881054 0.129086 -0.106628 -0.985884
80 171 0.633809 0.638883 0.436022 0.608524 -0.0638797 -0.79096 -0.477478 0.766647 -0.429263 0.293813 -0.562352 -0.772939
80 173 0.99866 -0.0516905 -0.00259186 0.051382 0.984205 0.169411 -0.00620601 -0.169317 0.985542 0.00196982 0.193446 0.981109
80 174 0.991173 -0.0377954 -0.127074 0.0924428 0.884081 0.4581 0.0950296 -0.465803 0.879771 -0.228401 0.57521 0.785472
80 178 0.998949 -0.00187997 -0.0457882 0.0121731 0.974149 0.22558 0.0441804 -0.225901 0.973148 -0.0851891 0.379895 -0.921099
80 184 0.98668 -0.0239328 -0.160903 0.100636 0.866929 0.488166 0.127809 -0.497856 0.85779 -0.135428 0.570702 0.809913
80 185 0.425877 -0.810988 -0.401158 -0.843881 -0.196118 -0.499403 0.326335 0.551214 -0.767899 -0.263954 -0.398435 -0.878395
80 186 0.878619 0.132895 -0.458659 0.340845 0.498173 0.797275 0.334446 -0.856833 0.392407 -0.444849 0.886155 0.129765
80 187 0.90541 0.117689 -0.407899 0.304783 0.488653 0.817512 0.295532 -0.864504 0.406562 -0.444655 0.892723 0.0729891
80 188 0.971879 -0.0421258 -0.231681 0.143583 0.885823 0.44125 0.186641 -0.462108 0.866961 -0.249121 0.534034 0.807927
80 190 0.541564 0.787534 -0.294105 0.812222 -0.399955 0.424653 0.2168 -0.468856 -0.856255 -0.231197 0.22912 -0.945543
80 193 0.989893 -0.00583088 0.141698 -0.0661713 0.864734 0.497853 -0.125434 -0.502197 0.855608 0.143766 0.532051 0.834418
80 194 0.943721 -0.0916975 -0.317777 0.218988 0.893265 0.392583 0.24786 -0.440077 0.863074 -0.529112 0.480543 0.69937
80 195 0.965503 -0.0823071 -0.247041 0.1809 0.894418 0.409012 0.187293 -0.439592 0.878453 -0.328297 0.488941 0.808182
80 196 0.896904 0.113121 -0.42751 0.316072 0.512149 0.798625 0.30929 -0.851414 0.423594 -0.435574 0.88545 0.162028
80 197 0.934552 -0.0815422 -0.346357 0.204261 0.919973 0.334555 0.291359 -0.383408 0.876419 -0.255452 0.431349 0.865264
80 198 0.885161 0.25368 -0.390046 0.422361 -0.0864036 0.9023 0.195194 -0.963421 -0.183626 -0.292163 0.835918 -0.464631
80 199 0.986309 0.0138132 -0.164326 0.0157364 0.984054 0.177171 0.164153 -0.177331 0.970365 0.0327232 0.139245 0.989717
80 204 0.846629 -0.161558 -0.507069 0.304243 0.928684 0.212091 0.436642 -0.333835 0.835403 -0.955125 0.165699 0.245518
80 205 0.957493 -0.0547032 -0.283223 0.160762 0.916431 0.366482 0.239506 -0.396436 0.88627 -0.565796 0.504503 0.65219
80 206 0.960901 0.187502 0.203745 -0.15513 0.974055 -0.164778 -0.229355 0.126729 0.965058 -0.215233 0.0942005 -0.972009
80 217 0.632383 0.709514 -0.310937 0.750366 -0.46132 0.473428 0.192462 -0.532704 -0.824127 -0.21956 0.258788 -0.94065
80 230 0.995872 -0.0856743 -0.0299749 0.0902614 0.969563 0.227596 0.00956343 -0.229362 0.973294 0.0107962 -0.205302 -0.978639
80 232 0.981498 0.00512445 0.191403 -0.0868257 0.902867 0.421061 -0.170654 -0.429889 0.886607 0.294651 0.586577 0.754393
80 233 0.984765 0.0828207 0.152897 -0.0992586 0.989696 0.103201 -0.142775 -0.116805 0.982839 0.432897 -0.489131 -0.7572
80 249 0.936375 -0.13843 -0.32255 0.243148 0.918562 0.311645 0.253142 -0.370244 0.893778 -0.728076 0.387345 0.56557
80 259 0.994233 -0.0749279 0.0767244 0.0809449 0.993617 -0.0785726 -0.0703474 0.08433 0.993952 0.0457768 0.0185782 -0.998779
80 263 0.998884 -0.0453745 -0.01311 0.0471089 0.977062 0.20768 0.00338594 -0.208066 0.978109 0.000453231 0.213068 0.977037
80 280 0.997614 0.06388 -0.0261724 -0.0588551 0.985171 0.161163 0.0360794 -0.159238 0.986581 -0.103915 0.0235694 0.994307
80 317 0.956137 -0.224039 -0.1887 0.251798 0.957791 0.13869 0.149664 -0.180121 0.972192 -0.585255 0.483665 0.650803
80 360 0.979322 -0.107681 -0.17127 0.129252 0.984298 0.120213 0.155636 -0.139865 0.977863 -0.0288402 0.0745022 0.996804
80 365 0.998158 -0.0605689 0.0033451 0.0605542 0.998155 0.00435258 -0.00360257 -0.004142 0.999985 -0.035409 0.208192 0.977447
80 376 0.99673 -0.0232087 -0.0773953 0.0308518 0.994602 0.0990704 0.0746782 -0.101134 0.992066 0.0540901 0.071438 0.995977
80 394 0.987881 0.0230408 -0.153493 0.155209 -0.139239 0.97802 0.00116198 -0.989991 -0.141128 -0.106386 0.921327 -0.373949
80 398 0.899408 0.00691963 -0.437056 0.22841 0.845064 0.48342 0.372686 -0.53462 0.758477 -0.768728 0.498641 0.400517
80 405 0.981299 0.0707887 0.178996 -0.0982619 0.983851 0.149605 -0.165515 -0.164396 0.972408 0.486644 0.52501 0.698242
80 406 0.979875 0.0408664 0.195387 -0.106935 0.933985 0.340934 -0.168556 -0.354966 0.919558 0.470622 0.520146 0.712716
80 408 0.999151 -0.03734 -0.0173797 0.0411846 0.90177 0.430249 -0.000393019 -0.430599 0.902543 -0.026811 0.566283 0.823774
80 409 0.99971 0.00707057 -0.0229968 -0.00943968 0.994469 -0.104601 0.0221301 0.104787 0.994248 -0.00972549 -0.178543 0.983884
80 410 0.984801 0.0140936 -0.173112 -0.0707153 0.942887 -0.325521 0.158638 0.332816 0.929553 -0.217061 -0.400264 0.890322
80 416 0.985707 0.163652 -0.039987 -0.166793 0.981399 -0.0950545 0.0236874 0.100365 0.994669 -0.143286 0.034492 0.98908
80 424 0.976073 -0.0115368 0.217137 -0.026559 0.984789 0.171711 -0.215815 -0.173369 0.96092 0.812243 -0.0442276 -0.58164
80 431 0.950295 -0.0667519 -0.304111 0.18913 0.899648 0.393526 0.247324 -0.431483 0.867556 -0.245267 0.531015 0.81109
80 439 0.99721 -0.0599083 -0.0445378 0.0680336 0.974917 0.211915 0.0307252 -0.214354 0.976273 0.0100532 0.174518 0.984603
80 442 0.881911 -0.0192481 -0.471022 0.308169 0.779652 0.545137 0.35674 -0.625917 0.693516 -0.517157 0.679344 0.520615
80 446 0.686844 0.629357 -0.363534 0.700578 -0.440134 0.56167 0.193487 -0.640462 -0.743217 -0.206347 0.23117 -0.950779
80 454 0.558494 0.59641 -0.576524 0.782518 -0.148201 0.604734 0.275228 -0.78888 -0.549471 -0.341717 0.347693 -0.87312
80 455 0.596453 0.686837 -0.41533 0.775661 -0.360184 0.518283 0.206381 -0.631286 -0.747586 -0.24414 0.256192 -0.935287
80 456 0.949024 0.184406 -0.255633 -0.196167 0.980344 -0.0210715 0.246723 0.0701443 0.966544 -0.25525 0.056314 0.965234
80 479 0.963046 -0.159813 0.216799 -0.125169 0.447173 0.885646 -0.238485 -0.880054 0.410645 0.283377 0.958913 0.0135552
80 483 0.994609 0.0622554 -0.0829245 -0.0481567 0.985564 0.162311 0.0918321 -0.157443 0.983249 -0.0566815 -0.032347 0.997868
80 508 0.998016 0.056755 0.0272445 -0.0609948 0.978863 0.195211 -0.0155894 -0.196485 0.980383 0.0452432 0.0685798 0.996619
80 509 0.624444 -0.773143 -0.11099 0.779838 0.609158 0.144149 -0.0438377 -0.176567 0.983312 0.0363721 -0.854494 -0.518186
80 510 0.99364 -0.00338443 0.112549 0.0270081 0.977533 -0.209045 -0.109313 0.210755 0.971408 0.0729959 -0.267871 0.960686
80 513 0.999445 0.00458987 -0.0329931 0.0160901 0.800734 0.598805 0.029167 -0.599003 0.800215 -0.0181945 0.692195 0.721481
80 514 0.989139 -0.00942619 0.146683 0.0485725 0.96284 -0.265668 -0.138729 0.269907 0.952841 0.174462 -0.415215 0.892838
80 515 0.999587 -0.0284302 0.00430612 0.0286525 0.972211 -0.232346 0.00241919 0.232373 0.972624 0.0317193 -0.280289 0.959392
80 542 0.990489 -0.13509 -0.0261007 0.135379 0.990747 0.00960525 0.0245616 -0.0130474 0.999613 -0.0812783 0.157678 0.98414
80 543 0.952634 -0.107365 -0.284536 0.211682 0.905853 0.366908 0.218354 -0.40976 0.885674 -0.395103 0.487994 0.778303
80 545 0.985778 0.0618335 0.156266 -0.112818 0.932668 0.342641 -0.124557 -0.355398 0.926379 0.259756 0.579853 0.772203
80 546 0.322156 0.384445 -0.865111 0.656423 0.567758 0.496749 0.682147 -0.72791 -0.0694517 -0.65156 0.379683 -0.656743
